<<<<<<< HEAD
<<<<<<< HEAD
def  Princesa_Izq( x , y , r , g , b , tamaño ):
	matriz  = [
		[ 0 , 0 , 0 , 0 , 1 , 0 , 1 , 0 , 1 , 0 , 0 , 0 , 0 , 0 , 0 , 0 , 0 , 0 , 0 ,],
		[ 0 , 0 , 0 , 1 , 2 , 1 , 2 , 1 , 2 , 1 , 0 , 0 , 0 , 0 , 0 , 0 , 0 , 0 , 0 ,],
		[ 0 , 0 , 0 , 1 , 4 , 2 , 1 , 2 , 4 , 1 , 1 , 0 , 0 , 0 , 0 , 0 , 0 , 0 , 0 ,],
		[ 0 , 0 , 1 , 2 , 1 , 1 , 1 , 1 , 1 , 2 , 2 , 1 , 1 , 0 , 0 , 0 , 0 , 0 , 0 ,],
		[ 0 , 0 , 1 , 2 , 2 , 2 , 2 , 2 , 2 , 2 , 2 , 2 , 2 , 1 , 0 , 0 , 0 , 0 , 0 ,],
		[ 0 , 1 , 2 , 2 , 2 , 2 , 2 , 2 , 2 , 2 , 2 , 2 , 2 , 2 , 1 , 1 , 1 , 0 , 0 ,],
		[ 0 , 1 , 2 , 2 , 2 , 2 , 2 , 2 , 2 , 2 , 2 , 2 , 2 , 2 , 2 , 2 , 1 , 0 , 0 ,],
		[ 1 , 2 , 2 , 1 , 1 , 2 , 2 , 1 , 1 , 2 , 2 , 2 , 2 , 2 , 2 , 1 , 0 , 0 , 0 ,],
		[ 1 , 2 , 2 , 1 , 3 , 1 , 1 , 3 , 1 , 1 , 2 , 2 , 2 , 2 , 2 , 2 , 1 , 0 , 0 ,],
		[ 0 , 1 , 1 , 3 , 1 , 3 , 3 , 1 , 3 , 3 , 1 , 1 , 1 , 2 , 2 , 1 , 0 , 0 , 0 ,],
		[ 0 , 0 , 1 , 3 , 1 , 3 , 3 , 1 , 3 , 3 , 1 , 3 , 1 , 2 , 2 , 1 , 0 , 0 , 0 ,],
		[ 0 , 0 , 1 , 3 , 3 , 3 , 3 , 3 , 3 , 3 , 1 , 3 , 1 , 2 , 2 , 2 , 1 , 0 , 0 ,],
		[ 0 , 0 , 1 , 3 , 3 , 3 , 3 , 3 , 3 , 3 , 3 , 4 , 2 , 2 , 2 , 2 , 2 , 1 , 0 ,],
		[ 0 , 1 , 1 , 1 , 3 , 7 , 7 , 3 , 3 , 3 , 1 , 2 , 2 , 2 , 2 , 2 , 2 , 1 , 0 ,],
		[ 0 , 1 , 2 , 1 , 1 , 3 , 3 , 3 , 3 , 3 , 1 , 2 , 2 , 2 , 2 , 2 , 1 , 0 , 0 ,],
		[ 0 , 0 , 1 , 1 , 1 , 4 , 4 , 1 , 1 , 1 , 1 , 1 , 1 , 1 , 2 , 2 , 2 , 1 , 0 ,],
		[ 0 , 1 , 4 , 4 , 4 , 4 , 4 , 4 , 4 , 4 , 4 , 4 , 4 , 4 , 1 , 2 , 2 , 1 , 0 ,],
		[ 0 , 1 , 4 , 4 , 4 , 4 , 6 , 4 , 4 , 4 , 4 , 4 , 4 , 4 , 1 , 2 , 2 , 1 , 0 ,],
		[ 0 , 1 , 1 , 1 , 4 , 6 , 4 , 6 , 4 , 1 , 1 , 1 , 1 , 1 , 2 , 2 , 1 , 0 , 0 ,],
		[ 0 , 1 , 3 , 1 , 4 , 6 , 4 , 6 , 4 , 1 , 3 , 3 , 1 , 2 , 2 , 1 , 0 , 0 , 0 ,],
		[ 0 , 1 , 1 , 3 , 1 , 4 , 6 , 4 , 4 , 1 , 3 , 3 , 1 , 2 , 2 , 2 , 1 , 0 , 0 ,],
		[ 0 , 1 , 3 , 3 , 1 , 4 , 4 , 4 , 1 , 3 , 1 , 3 , 1 , 1 , 1 , 1 , 0 , 0 , 0 ,],
		[ 0 , 1 , 1 , 3 , 1 , 4 , 1 , 1 , 3 , 3 , 3 , 1 , 5 , 1 , 0 , 0 , 0 , 0 , 0 ,],
		[ 0 , 0 , 1 , 3 , 3 , 1 , 3 , 3 , 3 , 1 , 1 , 5 , 5 , 1 , 0 , 0 , 0 , 0 , 0 ,],
		[ 0 , 0 , 1 , 1 , 3 , 1 , 3 , 3 , 1 , 1 , 5 , 5 , 5 , 5 , 1 , 0 , 0 , 0 , 0 ,],
		[ 0 , 1 , 5 , 5 , 1 , 1 , 1 , 1 , 4 , 4 , 4 , 5 , 5 , 5 , 1 , 0 , 0 , 0 , 0 ,],
		[ 0 , 1 , 5 , 4 , 4 , 4 , 4 , 4 , 4 , 4 , 4 , 4 , 5 , 5 , 5 , 1 , 0 , 0 , 0 ,],
		[ 0 , 1 , 4 , 4 , 4 , 4 , 4 , 4 , 4 , 4 , 4 , 4 , 4 , 4 , 5 , 1 , 0 , 0 , 0 ,],
		[ 1 , 4 , 4 , 4 , 4 , 4 , 4 , 4 , 4 , 4 , 4 , 4 , 4 , 4 , 4 , 1 , 0 , 0 , 0 ,],
		[ 1 , 4 , 4 , 4 , 4 , 4 , 4 , 4 , 4 , 4 , 4 , 4 , 4 , 4 , 4 , 4 , 1 , 0 , 0 ,],
		[ 1 , 5 , 5 , 5 , 5 , 5 , 5 , 5 , 5 , 5 , 5 , 5 , 5 , 5 , 5 , 5 , 1 , 0 , 0 ,],
		[ 1 , 1 , 1 , 1 , 1 , 1 , 1 , 1 , 1 , 1 , 1 , 1 , 1 , 1 , 1 , 1 , 1 , 0 , 0 ,]
	]
	para  i  en  rango ( len ( matriz )):
		para  j  en  rango ( len ( matriz [ 0 ])):
			si  matriz [ i ] [ j ] ==  1 :
				set_pixel ( y  -  j , x  -  i ,  r , g , b , tamaño )
			#cabello
			si  matriz [ i ] [ j ] ==  2 :
				set_pixel ( y  -  j , x  -  i , 255 , 223, 0 , tamaño )
			#Color de la piel
			si  matriz [ i ] [ j ] ==  3 :
			 	set_pixel ( y  -  j , x  -  i , 252 , 200 , 138 , tamaño )
			#  Color del vestido
			si  matriz [ i ] [ j ] ==  4 :
			 	set_pixel ( y  -  j , x  -  i , 255 , 89 , 247 , tamaño )
			#  color sombra del vestido			
			si  matriz [ i ] [ j ] ==  5 :
			 	set_pixel ( y  -  j , x  -  i , 253 , 30 , 154 , tamaño )

			# logo del vestido			
			si  matriz [ i ] [ j ] ==  6 :
			 	set_pixel ( y  -  j , x  -  i , 253 , 216 , 37 , tamaño )
			# color de la boca			
			si  matriz [ i ] [ j ] ==  7 :
			 	set_pixel ( y  -  j , x  -  i , 248 , 34 , 150 , tamaño )
a






def Princesa_Der(x, y, r, g, b, size):
	matrix = [
		[0,0,0,0,0,0,0,0,0,0,1,0,1,0,1,0,0,0,0,0,],
		[0,0,0,0,0,0,0,0,0,1,2,1,2,1,2,1,0,0,0,0,],
		[0,0,0,0,0,0,0,0,1,1,4,2,1,2,4,1,0,0,0,0,],
		[0,0,0,0,0,0,1,1,2,2,1,1,1,1,1,2,1,0,0,0,],
		[0,0,0,0,0,1,2,2,2,2,2,2,2,2,2,2,1,0,0,0,],
		[0,0,1,1,1,2,2,2,2,2,2,2,2,2,2,2,2,1,0,0,],
		[0,0,1,2,2,2,2,2,2,2,2,2,2,2,2,2,2,1,0,0,],
		[0,0,0,1,2,2,2,2,2,2,2,2,2,2,2,2,2,2,1,0,],
		[0,0,1,2,2,2,2,2,2,1,1,3,1,1,3,1,2,2,1,0,],
		[0,0,0,1,2,2,1,1,1,3,3,1,3,3,1,3,1,1,0,0,],
		[0,0,0,1,2,2,1,3,1,3,3,1,3,3,1,3,1,0,0,0,],
		[0,0,1,2,2,2,1,3,1,3,3,3,3,3,3,3,1,0,0,0,],
		[0,1,2,2,2,2,2,4,3,3,3,3,3,3,3,3,1,0,0,0,],
		[0,1,2,2,2,2,2,2,1,3,3,3,7,7,3,1,1,1,0,0,],
		[0,0,1,2,2,2,2,2,1,3,3,3,3,3,1,1,2,1,0,0,],
		[0,1,2,2,2,1,1,1,1,1,1,1,4,4,1,1,1,0,0,0,],
		[0,1,2,2,1,4,4,4,4,4,4,4,4,4,4,4,4,1,0,0,],
		[0,1,2,2,1,4,4,4,4,4,4,4,6,4,4,4,4,1,0,0,],
		[0,0,1,2,2,1,1,1,1,1,4,6,4,6,4,1,1,1,0,0,],
		[0,0,0,1,2,2,1,3,3,1,4,6,4,6,4,1,3,1,0,0,],
		[0,0,1,2,2,2,1,3,3,1,4,4,6,4,1,3,1,1,0,0,],
		[0,0,0,1,1,1,1,3,1,3,1,4,4,4,1,3,3,1,0,0,],
		[0,0,0,0,0,1,5,1,3,3,3,1,1,4,1,3,1,1,0,0,],
		[0,0,0,0,0,1,5,5,1,1,3,3,3,1,3,3,1,0,0,0,],
		[0,0,0,0,1,5,5,5,5,1,1,3,3,1,3,1,1,0,0,0,],
		[0,0,0,0,1,5,5,5,4,4,4,1,1,1,1,5,5,1,0,0,],
		[0,0,0,1,5,5,5,4,4,4,4,4,4,4,4,4,5,1,0,0,],
		[0,0,0,1,5,4,4,4,4,4,4,4,4,4,4,4,4,1,0,0,],
		[0,0,0,1,4,4,4,4,4,4,4,4,4,4,4,4,4,4,1,0,],
		[0,0,1,4,4,4,4,4,4,4,4,4,4,4,4,4,4,4,1,0,],
		[0,0,1,5,5,5,5,5,5,5,5,5,5,5,5,5,5,5,1,0,],
		[0,0,1,1,1,1,1,1,1,1,1,1,1,1,1,1,1,1,1,0,]
	]
	para  i  en  rango ( len ( matriz )):
		para  j  en  rango ( len ( matriz [ 0 ])):
			si  matriz [ i ] [ j ] ==  1 :
				set_pixel ( y  -  j , x  -  i ,  r , g , b , tamaño )
			#cabello
			si  matriz [ i ] [ j ] ==  2 :
				set_pixel ( y  -  j , x  -  i , 255 , 223, 0 , tamaño )
			#Color de la piel
			si  matriz [ i ] [ j ] ==  3 :
			 	set_pixel ( y  -  j , x  -  i , 252 , 200 , 138 , tamaño )
			#  Color del vestido
			si  matriz [ i ] [ j ] ==  4 :
			 	set_pixel ( y  -  j , x  -  i , 255 , 89 , 247 , tamaño )
			#  color sombra del vestido			
			si  matriz [ i ] [ j ] ==  5 :
			 	set_pixel ( y  -  j , x  -  i , 253 , 30 , 154 , tamaño )

			# logo del vestido			
			si  matriz [ i ] [ j ] ==  6 :
			 	set_pixel ( y  -  j , x  -  i , 253 , 216 , 37 , tamaño )
			# color de la boca			
			si  matriz [ i ] [ j ] ==  7 :
=======
def  Princesa_Izq( x , y , r , g , b , tamaño ):
	matriz  = [
		[ 0 , 0 , 0 , 0 , 1 , 0 , 1 , 0 , 1 , 0 , 0 , 0 , 0 , 0 , 0 , 0 , 0 , 0 , 0 ,],
		[ 0 , 0 , 0 , 1 , 2 , 1 , 2 , 1 , 2 , 1 , 0 , 0 , 0 , 0 , 0 , 0 , 0 , 0 , 0 ,],
		[ 0 , 0 , 0 , 1 , 4 , 2 , 1 , 2 , 4 , 1 , 1 , 0 , 0 , 0 , 0 , 0 , 0 , 0 , 0 ,],
		[ 0 , 0 , 1 , 2 , 1 , 1 , 1 , 1 , 1 , 2 , 2 , 1 , 1 , 0 , 0 , 0 , 0 , 0 , 0 ,],
		[ 0 , 0 , 1 , 2 , 2 , 2 , 2 , 2 , 2 , 2 , 2 , 2 , 2 , 1 , 0 , 0 , 0 , 0 , 0 ,],
		[ 0 , 1 , 2 , 2 , 2 , 2 , 2 , 2 , 2 , 2 , 2 , 2 , 2 , 2 , 1 , 1 , 1 , 0 , 0 ,],
		[ 0 , 1 , 2 , 2 , 2 , 2 , 2 , 2 , 2 , 2 , 2 , 2 , 2 , 2 , 2 , 2 , 1 , 0 , 0 ,],
		[ 1 , 2 , 2 , 1 , 1 , 2 , 2 , 1 , 1 , 2 , 2 , 2 , 2 , 2 , 2 , 1 , 0 , 0 , 0 ,],
		[ 1 , 2 , 2 , 1 , 3 , 1 , 1 , 3 , 1 , 1 , 2 , 2 , 2 , 2 , 2 , 2 , 1 , 0 , 0 ,],
		[ 0 , 1 , 1 , 3 , 1 , 3 , 3 , 1 , 3 , 3 , 1 , 1 , 1 , 2 , 2 , 1 , 0 , 0 , 0 ,],
		[ 0 , 0 , 1 , 3 , 1 , 3 , 3 , 1 , 3 , 3 , 1 , 3 , 1 , 2 , 2 , 1 , 0 , 0 , 0 ,],
		[ 0 , 0 , 1 , 3 , 3 , 3 , 3 , 3 , 3 , 3 , 1 , 3 , 1 , 2 , 2 , 2 , 1 , 0 , 0 ,],
		[ 0 , 0 , 1 , 3 , 3 , 3 , 3 , 3 , 3 , 3 , 3 , 4 , 2 , 2 , 2 , 2 , 2 , 1 , 0 ,],
		[ 0 , 1 , 1 , 1 , 3 , 7 , 7 , 3 , 3 , 3 , 1 , 2 , 2 , 2 , 2 , 2 , 2 , 1 , 0 ,],
		[ 0 , 1 , 2 , 1 , 1 , 3 , 3 , 3 , 3 , 3 , 1 , 2 , 2 , 2 , 2 , 2 , 1 , 0 , 0 ,],
		[ 0 , 0 , 1 , 1 , 1 , 4 , 4 , 1 , 1 , 1 , 1 , 1 , 1 , 1 , 2 , 2 , 2 , 1 , 0 ,],
		[ 0 , 1 , 4 , 4 , 4 , 4 , 4 , 4 , 4 , 4 , 4 , 4 , 4 , 4 , 1 , 2 , 2 , 1 , 0 ,],
		[ 0 , 1 , 4 , 4 , 4 , 4 , 6 , 4 , 4 , 4 , 4 , 4 , 4 , 4 , 1 , 2 , 2 , 1 , 0 ,],
		[ 0 , 1 , 1 , 1 , 4 , 6 , 4 , 6 , 4 , 1 , 1 , 1 , 1 , 1 , 2 , 2 , 1 , 0 , 0 ,],
		[ 0 , 1 , 3 , 1 , 4 , 6 , 4 , 6 , 4 , 1 , 3 , 3 , 1 , 2 , 2 , 1 , 0 , 0 , 0 ,],
		[ 0 , 1 , 1 , 3 , 1 , 4 , 6 , 4 , 4 , 1 , 3 , 3 , 1 , 2 , 2 , 2 , 1 , 0 , 0 ,],
		[ 0 , 1 , 3 , 3 , 1 , 4 , 4 , 4 , 1 , 3 , 1 , 3 , 1 , 1 , 1 , 1 , 0 , 0 , 0 ,],
		[ 0 , 1 , 1 , 3 , 1 , 4 , 1 , 1 , 3 , 3 , 3 , 1 , 5 , 1 , 0 , 0 , 0 , 0 , 0 ,],
		[ 0 , 0 , 1 , 3 , 3 , 1 , 3 , 3 , 3 , 1 , 1 , 5 , 5 , 1 , 0 , 0 , 0 , 0 , 0 ,],
		[ 0 , 0 , 1 , 1 , 3 , 1 , 3 , 3 , 1 , 1 , 5 , 5 , 5 , 5 , 1 , 0 , 0 , 0 , 0 ,],
		[ 0 , 1 , 5 , 5 , 1 , 1 , 1 , 1 , 4 , 4 , 4 , 5 , 5 , 5 , 1 , 0 , 0 , 0 , 0 ,],
		[ 0 , 1 , 5 , 4 , 4 , 4 , 4 , 4 , 4 , 4 , 4 , 4 , 5 , 5 , 5 , 1 , 0 , 0 , 0 ,],
		[ 0 , 1 , 4 , 4 , 4 , 4 , 4 , 4 , 4 , 4 , 4 , 4 , 4 , 4 , 5 , 1 , 0 , 0 , 0 ,],
		[ 1 , 4 , 4 , 4 , 4 , 4 , 4 , 4 , 4 , 4 , 4 , 4 , 4 , 4 , 4 , 1 , 0 , 0 , 0 ,],
		[ 1 , 4 , 4 , 4 , 4 , 4 , 4 , 4 , 4 , 4 , 4 , 4 , 4 , 4 , 4 , 4 , 1 , 0 , 0 ,],
		[ 1 , 5 , 5 , 5 , 5 , 5 , 5 , 5 , 5 , 5 , 5 , 5 , 5 , 5 , 5 , 5 , 1 , 0 , 0 ,],
		[ 1 , 1 , 1 , 1 , 1 , 1 , 1 , 1 , 1 , 1 , 1 , 1 , 1 , 1 , 1 , 1 , 1 , 0 , 0 ,]
	]
	para  i  en  rango ( len ( matriz )):
		para  j  en  rango ( len ( matriz [ 0 ])):
			si  matriz [ i ] [ j ] ==  1 :
				set_pixel ( y  -  j , x  -  i ,  r , g , b , tamaño )
			#cabello
			si  matriz [ i ] [ j ] ==  2 :
				set_pixel ( y  -  j , x  -  i , 255 , 223, 0 , tamaño )
			#Color de la piel
			si  matriz [ i ] [ j ] ==  3 :
			 	set_pixel ( y  -  j , x  -  i , 252 , 200 , 138 , tamaño )
			#  Color del vestido
			si  matriz [ i ] [ j ] ==  4 :
			 	set_pixel ( y  -  j , x  -  i , 255 , 89 , 247 , tamaño )
			#  color sombra del vestido			
			si  matriz [ i ] [ j ] ==  5 :
			 	set_pixel ( y  -  j , x  -  i , 253 , 30 , 154 , tamaño )

			# logo del vestido			
			si  matriz [ i ] [ j ] ==  6 :
			 	set_pixel ( y  -  j , x  -  i , 253 , 216 , 37 , tamaño )
			# color de la boca			
			si  matriz [ i ] [ j ] ==  7 :
			 	set_pixel ( y  -  j , x  -  i , 248 , 34 , 150 , tamaño )
a






def Princesa_Der(x, y, r, g, b, size):
	matrix = [
		[0,0,0,0,0,0,0,0,0,0,1,0,1,0,1,0,0,0,0,0,],
		[0,0,0,0,0,0,0,0,0,1,2,1,2,1,2,1,0,0,0,0,],
		[0,0,0,0,0,0,0,0,1,1,4,2,1,2,4,1,0,0,0,0,],
		[0,0,0,0,0,0,1,1,2,2,1,1,1,1,1,2,1,0,0,0,],
		[0,0,0,0,0,1,2,2,2,2,2,2,2,2,2,2,1,0,0,0,],
		[0,0,1,1,1,2,2,2,2,2,2,2,2,2,2,2,2,1,0,0,],
		[0,0,1,2,2,2,2,2,2,2,2,2,2,2,2,2,2,1,0,0,],
		[0,0,0,1,2,2,2,2,2,2,2,2,2,2,2,2,2,2,1,0,],
		[0,0,1,2,2,2,2,2,2,1,1,3,1,1,3,1,2,2,1,0,],
		[0,0,0,1,2,2,1,1,1,3,3,1,3,3,1,3,1,1,0,0,],
		[0,0,0,1,2,2,1,3,1,3,3,1,3,3,1,3,1,0,0,0,],
		[0,0,1,2,2,2,1,3,1,3,3,3,3,3,3,3,1,0,0,0,],
		[0,1,2,2,2,2,2,4,3,3,3,3,3,3,3,3,1,0,0,0,],
		[0,1,2,2,2,2,2,2,1,3,3,3,7,7,3,1,1,1,0,0,],
		[0,0,1,2,2,2,2,2,1,3,3,3,3,3,1,1,2,1,0,0,],
		[0,1,2,2,2,1,1,1,1,1,1,1,4,4,1,1,1,0,0,0,],
		[0,1,2,2,1,4,4,4,4,4,4,4,4,4,4,4,4,1,0,0,],
		[0,1,2,2,1,4,4,4,4,4,4,4,6,4,4,4,4,1,0,0,],
		[0,0,1,2,2,1,1,1,1,1,4,6,4,6,4,1,1,1,0,0,],
		[0,0,0,1,2,2,1,3,3,1,4,6,4,6,4,1,3,1,0,0,],
		[0,0,1,2,2,2,1,3,3,1,4,4,6,4,1,3,1,1,0,0,],
		[0,0,0,1,1,1,1,3,1,3,1,4,4,4,1,3,3,1,0,0,],
		[0,0,0,0,0,1,5,1,3,3,3,1,1,4,1,3,1,1,0,0,],
		[0,0,0,0,0,1,5,5,1,1,3,3,3,1,3,3,1,0,0,0,],
		[0,0,0,0,1,5,5,5,5,1,1,3,3,1,3,1,1,0,0,0,],
		[0,0,0,0,1,5,5,5,4,4,4,1,1,1,1,5,5,1,0,0,],
		[0,0,0,1,5,5,5,4,4,4,4,4,4,4,4,4,5,1,0,0,],
		[0,0,0,1,5,4,4,4,4,4,4,4,4,4,4,4,4,1,0,0,],
		[0,0,0,1,4,4,4,4,4,4,4,4,4,4,4,4,4,4,1,0,],
		[0,0,1,4,4,4,4,4,4,4,4,4,4,4,4,4,4,4,1,0,],
		[0,0,1,5,5,5,5,5,5,5,5,5,5,5,5,5,5,5,1,0,],
		[0,0,1,1,1,1,1,1,1,1,1,1,1,1,1,1,1,1,1,0,]
	]
	para  i  en  rango ( len ( matriz )):
		para  j  en  rango ( len ( matriz [ 0 ])):
			si  matriz [ i ] [ j ] ==  1 :
				set_pixel ( y  -  j , x  -  i ,  r , g , b , tamaño )
			#cabello
			si  matriz [ i ] [ j ] ==  2 :
				set_pixel ( y  -  j , x  -  i , 255 , 223, 0 , tamaño )
			#Color de la piel
			si  matriz [ i ] [ j ] ==  3 :
			 	set_pixel ( y  -  j , x  -  i , 252 , 200 , 138 , tamaño )
			#  Color del vestido
			si  matriz [ i ] [ j ] ==  4 :
			 	set_pixel ( y  -  j , x  -  i , 255 , 89 , 247 , tamaño )
			#  color sombra del vestido			
			si  matriz [ i ] [ j ] ==  5 :
			 	set_pixel ( y  -  j , x  -  i , 253 , 30 , 154 , tamaño )

			# logo del vestido			
			si  matriz [ i ] [ j ] ==  6 :
			 	set_pixel ( y  -  j , x  -  i , 253 , 216 , 37 , tamaño )
			# color de la boca			
			si  matriz [ i ] [ j ] ==  7 :
>>>>>>> 67d108fa455610bdccb5862326b6132080fe6508
=======
def  Princesa_Izq( x , y , r , g , b , tamaño ):
	matriz  = [
		[ 0 , 0 , 0 , 0 , 1 , 0 , 1 , 0 , 1 , 0 , 0 , 0 , 0 , 0 , 0 , 0 , 0 , 0 , 0 ,],
		[ 0 , 0 , 0 , 1 , 2 , 1 , 2 , 1 , 2 , 1 , 0 , 0 , 0 , 0 , 0 , 0 , 0 , 0 , 0 ,],
		[ 0 , 0 , 0 , 1 , 4 , 2 , 1 , 2 , 4 , 1 , 1 , 0 , 0 , 0 , 0 , 0 , 0 , 0 , 0 ,],
		[ 0 , 0 , 1 , 2 , 1 , 1 , 1 , 1 , 1 , 2 , 2 , 1 , 1 , 0 , 0 , 0 , 0 , 0 , 0 ,],
		[ 0 , 0 , 1 , 2 , 2 , 2 , 2 , 2 , 2 , 2 , 2 , 2 , 2 , 1 , 0 , 0 , 0 , 0 , 0 ,],
		[ 0 , 1 , 2 , 2 , 2 , 2 , 2 , 2 , 2 , 2 , 2 , 2 , 2 , 2 , 1 , 1 , 1 , 0 , 0 ,],
		[ 0 , 1 , 2 , 2 , 2 , 2 , 2 , 2 , 2 , 2 , 2 , 2 , 2 , 2 , 2 , 2 , 1 , 0 , 0 ,],
		[ 1 , 2 , 2 , 1 , 1 , 2 , 2 , 1 , 1 , 2 , 2 , 2 , 2 , 2 , 2 , 1 , 0 , 0 , 0 ,],
		[ 1 , 2 , 2 , 1 , 3 , 1 , 1 , 3 , 1 , 1 , 2 , 2 , 2 , 2 , 2 , 2 , 1 , 0 , 0 ,],
		[ 0 , 1 , 1 , 3 , 1 , 3 , 3 , 1 , 3 , 3 , 1 , 1 , 1 , 2 , 2 , 1 , 0 , 0 , 0 ,],
		[ 0 , 0 , 1 , 3 , 1 , 3 , 3 , 1 , 3 , 3 , 1 , 3 , 1 , 2 , 2 , 1 , 0 , 0 , 0 ,],
		[ 0 , 0 , 1 , 3 , 3 , 3 , 3 , 3 , 3 , 3 , 1 , 3 , 1 , 2 , 2 , 2 , 1 , 0 , 0 ,],
		[ 0 , 0 , 1 , 3 , 3 , 3 , 3 , 3 , 3 , 3 , 3 , 4 , 2 , 2 , 2 , 2 , 2 , 1 , 0 ,],
		[ 0 , 1 , 1 , 1 , 3 , 7 , 7 , 3 , 3 , 3 , 1 , 2 , 2 , 2 , 2 , 2 , 2 , 1 , 0 ,],
		[ 0 , 1 , 2 , 1 , 1 , 3 , 3 , 3 , 3 , 3 , 1 , 2 , 2 , 2 , 2 , 2 , 1 , 0 , 0 ,],
		[ 0 , 0 , 1 , 1 , 1 , 4 , 4 , 1 , 1 , 1 , 1 , 1 , 1 , 1 , 2 , 2 , 2 , 1 , 0 ,],
		[ 0 , 1 , 4 , 4 , 4 , 4 , 4 , 4 , 4 , 4 , 4 , 4 , 4 , 4 , 1 , 2 , 2 , 1 , 0 ,],
		[ 0 , 1 , 4 , 4 , 4 , 4 , 6 , 4 , 4 , 4 , 4 , 4 , 4 , 4 , 1 , 2 , 2 , 1 , 0 ,],
		[ 0 , 1 , 1 , 1 , 4 , 6 , 4 , 6 , 4 , 1 , 1 , 1 , 1 , 1 , 2 , 2 , 1 , 0 , 0 ,],
		[ 0 , 1 , 3 , 1 , 4 , 6 , 4 , 6 , 4 , 1 , 3 , 3 , 1 , 2 , 2 , 1 , 0 , 0 , 0 ,],
		[ 0 , 1 , 1 , 3 , 1 , 4 , 6 , 4 , 4 , 1 , 3 , 3 , 1 , 2 , 2 , 2 , 1 , 0 , 0 ,],
		[ 0 , 1 , 3 , 3 , 1 , 4 , 4 , 4 , 1 , 3 , 1 , 3 , 1 , 1 , 1 , 1 , 0 , 0 , 0 ,],
		[ 0 , 1 , 1 , 3 , 1 , 4 , 1 , 1 , 3 , 3 , 3 , 1 , 5 , 1 , 0 , 0 , 0 , 0 , 0 ,],
		[ 0 , 0 , 1 , 3 , 3 , 1 , 3 , 3 , 3 , 1 , 1 , 5 , 5 , 1 , 0 , 0 , 0 , 0 , 0 ,],
		[ 0 , 0 , 1 , 1 , 3 , 1 , 3 , 3 , 1 , 1 , 5 , 5 , 5 , 5 , 1 , 0 , 0 , 0 , 0 ,],
		[ 0 , 1 , 5 , 5 , 1 , 1 , 1 , 1 , 4 , 4 , 4 , 5 , 5 , 5 , 1 , 0 , 0 , 0 , 0 ,],
		[ 0 , 1 , 5 , 4 , 4 , 4 , 4 , 4 , 4 , 4 , 4 , 4 , 5 , 5 , 5 , 1 , 0 , 0 , 0 ,],
		[ 0 , 1 , 4 , 4 , 4 , 4 , 4 , 4 , 4 , 4 , 4 , 4 , 4 , 4 , 5 , 1 , 0 , 0 , 0 ,],
		[ 1 , 4 , 4 , 4 , 4 , 4 , 4 , 4 , 4 , 4 , 4 , 4 , 4 , 4 , 4 , 1 , 0 , 0 , 0 ,],
		[ 1 , 4 , 4 , 4 , 4 , 4 , 4 , 4 , 4 , 4 , 4 , 4 , 4 , 4 , 4 , 4 , 1 , 0 , 0 ,],
		[ 1 , 5 , 5 , 5 , 5 , 5 , 5 , 5 , 5 , 5 , 5 , 5 , 5 , 5 , 5 , 5 , 1 , 0 , 0 ,],
		[ 1 , 1 , 1 , 1 , 1 , 1 , 1 , 1 , 1 , 1 , 1 , 1 , 1 , 1 , 1 , 1 , 1 , 0 , 0 ,]
	]
	para  i  en  rango ( len ( matriz )):
		para  j  en  rango ( len ( matriz [ 0 ])):
			si  matriz [ i ] [ j ] ==  1 :
				set_pixel ( y  -  j , x  -  i ,  r , g , b , tamaño )
			#cabello
			si  matriz [ i ] [ j ] ==  2 :
				set_pixel ( y  -  j , x  -  i , 255 , 223, 0 , tamaño )
			#Color de la piel
			si  matriz [ i ] [ j ] ==  3 :
			 	set_pixel ( y  -  j , x  -  i , 252 , 200 , 138 , tamaño )
			#  Color del vestido
			si  matriz [ i ] [ j ] ==  4 :
			 	set_pixel ( y  -  j , x  -  i , 255 , 89 , 247 , tamaño )
			#  color sombra del vestido			
			si  matriz [ i ] [ j ] ==  5 :
			 	set_pixel ( y  -  j , x  -  i , 253 , 30 , 154 , tamaño )

			# logo del vestido			
			si  matriz [ i ] [ j ] ==  6 :
			 	set_pixel ( y  -  j , x  -  i , 253 , 216 , 37 , tamaño )
			# color de la boca			
			si  matriz [ i ] [ j ] ==  7 :
			 	set_pixel ( y  -  j , x  -  i , 248 , 34 , 150 , tamaño )
a






def Princesa_Der(x, y, r, g, b, size):
	matrix = [
		[0,0,0,0,0,0,0,0,0,0,1,0,1,0,1,0,0,0,0,0,],
		[0,0,0,0,0,0,0,0,0,1,2,1,2,1,2,1,0,0,0,0,],
		[0,0,0,0,0,0,0,0,1,1,4,2,1,2,4,1,0,0,0,0,],
		[0,0,0,0,0,0,1,1,2,2,1,1,1,1,1,2,1,0,0,0,],
		[0,0,0,0,0,1,2,2,2,2,2,2,2,2,2,2,1,0,0,0,],
		[0,0,1,1,1,2,2,2,2,2,2,2,2,2,2,2,2,1,0,0,],
		[0,0,1,2,2,2,2,2,2,2,2,2,2,2,2,2,2,1,0,0,],
		[0,0,0,1,2,2,2,2,2,2,2,2,2,2,2,2,2,2,1,0,],
		[0,0,1,2,2,2,2,2,2,1,1,3,1,1,3,1,2,2,1,0,],
		[0,0,0,1,2,2,1,1,1,3,3,1,3,3,1,3,1,1,0,0,],
		[0,0,0,1,2,2,1,3,1,3,3,1,3,3,1,3,1,0,0,0,],
		[0,0,1,2,2,2,1,3,1,3,3,3,3,3,3,3,1,0,0,0,],
		[0,1,2,2,2,2,2,4,3,3,3,3,3,3,3,3,1,0,0,0,],
		[0,1,2,2,2,2,2,2,1,3,3,3,7,7,3,1,1,1,0,0,],
		[0,0,1,2,2,2,2,2,1,3,3,3,3,3,1,1,2,1,0,0,],
		[0,1,2,2,2,1,1,1,1,1,1,1,4,4,1,1,1,0,0,0,],
		[0,1,2,2,1,4,4,4,4,4,4,4,4,4,4,4,4,1,0,0,],
		[0,1,2,2,1,4,4,4,4,4,4,4,6,4,4,4,4,1,0,0,],
		[0,0,1,2,2,1,1,1,1,1,4,6,4,6,4,1,1,1,0,0,],
		[0,0,0,1,2,2,1,3,3,1,4,6,4,6,4,1,3,1,0,0,],
		[0,0,1,2,2,2,1,3,3,1,4,4,6,4,1,3,1,1,0,0,],
		[0,0,0,1,1,1,1,3,1,3,1,4,4,4,1,3,3,1,0,0,],
		[0,0,0,0,0,1,5,1,3,3,3,1,1,4,1,3,1,1,0,0,],
		[0,0,0,0,0,1,5,5,1,1,3,3,3,1,3,3,1,0,0,0,],
		[0,0,0,0,1,5,5,5,5,1,1,3,3,1,3,1,1,0,0,0,],
		[0,0,0,0,1,5,5,5,4,4,4,1,1,1,1,5,5,1,0,0,],
		[0,0,0,1,5,5,5,4,4,4,4,4,4,4,4,4,5,1,0,0,],
		[0,0,0,1,5,4,4,4,4,4,4,4,4,4,4,4,4,1,0,0,],
		[0,0,0,1,4,4,4,4,4,4,4,4,4,4,4,4,4,4,1,0,],
		[0,0,1,4,4,4,4,4,4,4,4,4,4,4,4,4,4,4,1,0,],
		[0,0,1,5,5,5,5,5,5,5,5,5,5,5,5,5,5,5,1,0,],
		[0,0,1,1,1,1,1,1,1,1,1,1,1,1,1,1,1,1,1,0,]
	]
	para  i  en  rango ( len ( matriz )):
		para  j  en  rango ( len ( matriz [ 0 ])):
			si  matriz [ i ] [ j ] ==  1 :
				set_pixel ( y  -  j , x  -  i ,  r , g , b , tamaño )
			#cabello
			si  matriz [ i ] [ j ] ==  2 :
				set_pixel ( y  -  j , x  -  i , 255 , 223, 0 , tamaño )
			#Color de la piel
			si  matriz [ i ] [ j ] ==  3 :
			 	set_pixel ( y  -  j , x  -  i , 252 , 200 , 138 , tamaño )
			#  Color del vestido
			si  matriz [ i ] [ j ] ==  4 :
			 	set_pixel ( y  -  j , x  -  i , 255 , 89 , 247 , tamaño )
			#  color sombra del vestido			
			si  matriz [ i ] [ j ] ==  5 :
			 	set_pixel ( y  -  j , x  -  i , 253 , 30 , 154 , tamaño )

			# logo del vestido			
			si  matriz [ i ] [ j ] ==  6 :
			 	set_pixel ( y  -  j , x  -  i , 253 , 216 , 37 , tamaño )
			# color de la boca			
			si  matriz [ i ] [ j ] ==  7 :
>>>>>>> 67d108fa455610bdccb5862326b6132080fe6508
			 	set_pixel ( y  -  j , x  -  i , 248 , 34 , 150 , tamaño )